---
maxVel: 60.0
maxAccel: 60.0
maxAngVel: 6.283185307179586
maxAngAccel: 6.283185307179586
robotLength: 18.0
robotWidth: 15.0
driveType: "MECANUM"
trackWidth: 13.25
wheelBase: 13.4
lateralMultiplier: 1.0
