---
maxVel: 30.0
maxAccel: 45.0
maxAngVel: 1.5707963267948966
maxAngAccel: 1.5707963267948966
robotLength: 18.0
robotWidth: 16.0
driveType: "MECANUM"
trackWidth: 13.25
wheelBase: 14.25
lateralMultiplier: 1.0
