---
maxVel: 45.0
maxAccel: 41.0
maxAngVel: 3.490658503988659
maxAngAccel: 3.490658503988659
robotLength: 17.0
robotWidth: 15.5
driveType: "MECANUM"
trackWidth: 12.1
wheelBase: 14.25
lateralMultiplier: 1.5
