---
maxVel: 45.0
maxAccel: 45.0
maxAngVel: 6.283185307179586
maxAngAccel: 6.283185307179586
robotLength: 18.0
robotWidth: 16.0
driveType: "MECANUM"
trackWidth: 13.25
wheelBase: 14.25
lateralMultiplier: 1.0
