---
startPose:
  x: -4.0
  y: 36.4
  heading: -1.5707963267948966
startTangent: -3.141592653589793
waypoints:
- position:
    x: -12.0
    y: 36.4
  heading: -1.5707963267948966
  tangent: -1.5707963267948966
  interpolationType: "LINEAR"
- position:
    x: -7.0
    y: 12.0
  heading: 0.0
  tangent: 0.0
  interpolationType: "TANGENT"
- position:
    x: 63.0
    y: 12.0
  heading: 0.0
  tangent: 0.0
  interpolationType: "TANGENT"
resolution: 1.0
version: 1
