---
startPose:
  x: -4.0
  y: 36.4
  heading: 3.141592653589793
startTangent: 3.141592653589793
waypoints:
- position:
    x: -4.0
    y: 36.41
  heading: 3.141592653589793
  tangent: 3.141592653589793
  interpolationType: "LINEAR"
- position:
    x: -6.0
    y: 12.0
  heading: 0.0
  tangent: 0.0
  interpolationType: "TANGENT"
- position:
    x: 63.0
    y: 12.0
  heading: 0.0
  tangent: 0.0
  interpolationType: "TANGENT"
resolution: 0.25
version: 1
