---
startPose:
  x: -40.0
  y: 63.0
  heading: -1.5707963267948966
startTangent: 0.0
waypoints:
- position:
    x: -13.1
    y: 55.8
  heading: 0.0
  tangent: -1.5707963267948966
  interpolationType: "CONSTANT"
- position:
    x: -13.1
    y: 38.8
  heading: 0.0
  tangent: -1.5707963267948966
  interpolationType: "CONSTANT"
- position:
    x: 0.0
    y: 29.8
  heading: 0.0
  tangent: -1.5707963267948966
  interpolationType: "CONSTANT"
resolution: 1.0
version: 1
