---
startPose:
  x: 32.0
  y: 63.0
  heading: -1.5707963267948966
startTangent: 3.141592653589793
waypoints:
- position:
    x: 12.1
    y: 55.8
  heading: 0.0
  tangent: -1.5707963267948966
  interpolationType: "CONSTANT"
- position:
    x: 12.0
    y: 18.0
  heading: 0.0
  tangent: -1.5707963267948966
  interpolationType: "CONSTANT"
- position:
    x: 18.5
    y: 0.0
  heading: 0.0
  tangent: 0.0
  interpolationType: "TANGENT"
resolution: 0.25
version: 1
