---
startPose:
  x: 32.0
  y: 63.0
  heading: -1.5707963267948966
startTangent: 3.141592653589793
waypoints:
- position:
    x: 13.1
    y: 55.8
  heading: 0.0
  tangent: -1.5707963267948966
  interpolationType: "CONSTANT"
- position:
    x: 13.1
    y: 38.8
  heading: -1.5707963267948966
  tangent: -1.5707963267948966
  interpolationType: "LINEAR"
- position:
    x: 0.0
    y: 32.8
  heading: -1.5707963267948966
  tangent: -1.5707963267948966
  interpolationType: "LINEAR"
resolution: 0.25
version: 1
