---
startPose:
  x: 18.0
  y: 0.0
  heading: 0.0
startTangent: 3.141592653589793
waypoints:
- position:
    x: 12.01
    y: 12.0
  heading: 0.0
  tangent: 1.5707963267948966
  interpolationType: "CONSTANT"
resolution: 0.25
version: 1
