---
startPose:
  x: 24.0
  y: -72.0
  heading: 1.5707963267948966
startTangent: 1.5707963267948966
waypoints:
- position:
    x: 12.0
    y: -48.0
  heading: 0.0
  tangent: 1.5707963267948966
  interpolationType: "TANGENT"
- position:
    x: 12.0
    y: 48.0
  heading: 0.0
  tangent: 1.5707963267948966
  interpolationType: "TANGENT"
- position:
    x: 24.0
    y: 72.0
  heading: 0.0
  tangent: 0.0
  interpolationType: "TANGENT"
resolution: 0.25
version: 1
