---
startPose:
  x: -41.0
  y: 63.0
  heading: -1.5707963267948966
startTangent: 0.0
waypoints:
- position:
    x: -13.0
    y: 55.0
  heading: 0.0
  tangent: -1.5707963267948966
  interpolationType: "CONSTANT"
- position:
    x: -13.0
    y: 0.0
  heading: 0.0
  tangent: -1.5707963267948966
  interpolationType: "CONSTANT"
resolution: 0.25
version: 1
