---
startPose:
  x: 41.0
  y: -63.0
  heading: 1.5707963267948966
startTangent: 3.141592653589793
waypoints:
- position:
    x: 12.0
    y: -54.0
  heading: 0.0
  tangent: 1.5707963267948966
  interpolationType: "CONSTANT"
- position:
    x: 10.0
    y: -36.0
  heading: 0.0
  tangent: 3.141592653589793
  interpolationType: "TANGENT"
- position:
    x: -12.0
    y: -36.0
  heading: 0.0
  tangent: 3.141592653589793
  interpolationType: "CONSTANT"
resolution: 0.25
version: 1
